-2.405925330314636540e+03
-1.838306578712588362e+03
-1.101096326890572755e+03
-1.290999947382311348e+03
-8.901814069644815390e+02
-5.938835080855899839e+00
-4.959325920878738359e+00
-2.468917378945820644e+02
-1.420716869441812605e+03
-1.437439036792666911e+03
-4.270123963320779481e+00
-1.665812386063161341e+02
-1.445136545085678108e+03
-1.545318974361789799e+02
-8.931831410766665869e+00
-2.726941235028418475e+01
1.033084101608524108e+01
-2.219844666827897015e+02
-5.361811717910145880e+00
-3.339187278689806249e+02
-9.285021654522710222e+00
-7.808683945210858290e+00
-2.611855913133278140e+00
-6.573993419229607227e+00
-3.949454873925823506e+00
-7.612823291527841540e+00
-6.257598014263452413e+00
-3.740117293397034803e+00
-2.652516218903164358e+00
-1.912404198414068546e+01
-5.341990009618816870e+00
-1.642267786697320616e+03
-9.678100980326915348e+00
-1.037633883789473721e+01
-8.789398787028503079e+00
-6.790568951292974589e+02
-6.040238507709130289e+00
-9.658058489559165594e+01
-7.617159710408248685e+00
-5.832315120315401558e+00
-6.716708953546483230e+00
-1.348938233318750918e+03
-2.933621309312271023e+03
-1.029822053203614551e+01
-5.620109991846727553e+02
-4.103893369837791397e+03
-1.878834506864759533e+03
-1.035821583793877380e+03
-1.391977347938676303e+03
-9.800952870083926882e+02
-1.734593482328771197e+00
-3.886370406075736028e+00
-5.339857462537260346e+00
-1.607786585935734820e+03
-6.172352590325181154e+02
-1.408497057142155654e+03
-2.038805183709988089e+00
-2.109406583961535944e+03
-3.437609495077575517e+00
-8.408282046968553303e+00
-1.477513798918996635e+01
-2.836799389404637168e+03
-7.948111040530189797e+00
-1.507526183396532133e+03
-1.672836239128935631e+03
-8.296294138891123993e+00
-2.186833611184972028e+02
-4.361503494030048955e+01
-3.686209361656985379e+02
-9.880214603488031599e+00
-1.305086223810050399e+02
-8.732636061082238257e+02
-1.618041788812371351e+01
-7.237325393787334527e+00
-1.479331327742488838e+03
-2.495266779985365702e+03
-3.313477217605294754e+03
-2.280583345490550528e+03
2.368297833174973221e-01
-1.219899926434320392e+01
-2.850855455841557159e+03
-8.612716752374212774e+02
-3.399469216209543010e+00
-5.173136425561088799e+03
-1.797442336471533963e+03
-1.843399275663816752e+03
-3.031319330693289430e+03
-8.482235798054922782e+00
-2.844034384179282370e+03
-4.670788556944548198e+00
-6.221476591598991135e+00
-4.681009290109618526e+00
-6.569711671417720389e+00
-4.764149586439021391e+02
4.405679496786176763e+00
-1.796902850504430489e+03
-7.950590302849954050e+00
-7.252332348095814396e+00
-2.330238618217252906e+02
-1.508920795716173870e+03
-1.566552880894006421e+03
-1.410064008484755993e+00
-1.394109877188324617e+03
-3.623976092387268295e+02
-1.944735037340438566e+03
-1.608373907531901068e+03
-9.292386586137496352e+00
-1.430163087373387327e+02
-1.686305400545846922e+01
-4.745488302232702682e-01
-7.631445875566090109e+00
-6.845814580899173052e+00
-8.962097200850873691e+00
-6.301943232249995752e+00
-8.984537513875048287e-01
-3.145414236407595126e+03
-2.235376389944845869e+03
1.451325317638502810e+00
