5.755043182973643923e+01
2.349919319847667509e+01
4.535701855314605524e+01
3.003739495640527579e+01
3.754649900279220986e+01
3.947189721321654332e+01
3.141468338932467574e+01
3.259006811604015041e+01
2.381426424358437188e+01
2.397165878688404561e+01
1.913221805708377588e+01
-9.740898135658711681e+02
3.389199653334082285e+01
4.583930817040631212e+01
2.236289705335854805e+01
3.958549779179215733e+01
3.905688930318238761e+01
-9.081705541378017870e+02
4.814465833257330729e+01
-2.125735842587884690e+03
-8.376410950326253158e+01
-3.881730398757027700e+01
2.713508456591925722e+01
4.313396515060131264e+01
4.058451114159009876e+01
2.080995056559070022e+01
1.655446984519986486e+01
3.191935185845401435e+01
2.792660825825493021e+01
3.642505553070675006e+01
-2.865107047258103421e+02
4.465847835576256841e+01
3.925397359471219261e+01
2.395817311686179352e+01
2.602190586004988049e+01
2.435836715583818801e+01
4.439488455941578593e+01
2.212816358772668224e+01
4.550260127719027992e+01
3.986937666302449657e+01
3.100550647059882436e+01
4.716590229448132021e+01
-1.770457051099458283e+02
3.704668690103704165e+01
2.620035429171121777e+01
2.462283470447601630e+01
3.485504716558855876e+01
1.986575896778692396e+01
1.781948608093506792e+01
6.258014908706243773e+00
-1.961909149368829731e+03
3.556743088539727182e+01
8.056289019493476644e+00
4.529339715932481170e+01
4.271514500155431904e+01
2.402971698279493395e+01
-1.996011053779051053e+03
-9.219410455562324387e+02
2.306808233162132638e+01
3.640488672168106632e+01
-2.489737544890176196e+03
4.749866044878568516e+01
4.362386784395320660e+01
-1.904423761643085527e+03
3.396383492197169574e+01
3.058385340583237522e+01
5.491738498009517144e+01
-1.684326021453671729e+03
5.991419742389390990e+01
-9.044633559339115436e+02
4.247225001834478775e+01
-7.590054539390968102e+02
4.032637691055066398e+01
6.117089502680169488e+01
-1.501339603318541094e+03
1.306610513149831476e+01
5.242685140413671974e+01
2.499276177547071853e+01
1.716431248774713580e+01
4.243172931348952659e+01
4.570886907947848954e+01
1.380449772874648318e+01
3.407750420055435114e+01
3.478004732079367756e+01
-1.734214784192628031e+03
-3.467793616854311836e+02
3.865001672840726599e+01
3.960544686950150606e+01
3.891560733829629015e+01
-1.511386708236250342e+03
4.582403271009039258e+01
3.842818626418684858e+01
3.351888110052319547e+01
4.730861333659817092e+01
2.944485962437476445e+01
1.236317926605499906e+01
4.114958332072608727e+01
3.226029030839990241e+01
2.056757492281904121e+01
-1.563940018496927451e+03
2.754630297766018998e+01
-2.679101826550978330e+03
3.350868607994554083e+01
2.762214912249487142e+01
-5.038942856299732966e+02
4.999647349327740642e+01
3.130829375048196184e+01
-4.169767332407604385e+02
9.214039381005317608e+00
3.426016894614768660e+01
4.827524073920688608e+01
4.672534054101794965e+01
8.947889149855669189e+00
-6.971196071907129976e+01
-6.351572005006470079e+01
2.576082279912425932e+01
2.664898899085522999e+01
-3.218920186590690378e+02
3.060961268694128634e+01
3.641961669316646066e+01
2.493808195869399214e+01
4.428169614951965372e+01
1.974370006421873924e+01
4.024962625854642795e+01
1.899232833321075375e+01
2.935518085276285660e+01
-8.481791728402328090e+02
-3.204091733952753316e+02
2.832240762309512050e+01
4.236732711580917510e+01
2.919448692465787687e+01
3.685301672410398055e+01
1.401296106878285919e+01
4.684799443953259157e+01
-1.615004360888715155e+03
2.646009416914602141e+01
3.131225656831189497e+01
3.032931539426711964e+01
-1.916470044310744015e+03
5.213400616303082558e+01
1.041775767237296968e+01
1.410250346782625996e+01
4.341627236983782012e+01
-1.093401281035926615e+02
4.160197577378409051e+01
-1.000509462061276167e+03
2.714591198835752195e+01
-1.690587160550943224e+01
4.582532284485695584e+01
2.806656592277837348e+01
-9.518951009254097926e+02
-9.766105512061919853e+02
-2.315757804453831454e+02
-4.781846355255453318e+02
2.472298920230621277e+01
4.627380554598741469e+01
2.424984361435311797e+01
1.855440525260374685e+01
3.070116021720286170e+01
-1.739294579467596805e+03
-2.239212535090117854e+03
2.232631266174256623e+01
4.445768452514335678e+01
4.803318599098611230e+01
8.962257120633418950e+00
3.162772268626101990e+01
4.005527979577878739e+01
4.732363394990215255e+01
-1.694928150500724996e+03
4.028444344955360634e+01
4.043968771950476793e+01
5.527527454828842224e+01
-1.346080532634906604e+02
1.715905991350457427e+01
2.607748277538679105e+01
-7.645663205836063980e+02
1.288305574309105594e+01
2.639030310737331675e+01
5.370818176079814776e+01
3.954750781255576442e+01
3.493683756786848704e+01
2.793812804900009183e+01
-5.200150327505065206e+02
4.183533576923748143e+01
2.703223337573891527e+01
-1.302433489173147336e+02
3.152976297944655215e+01
2.281581958089087081e+01
4.038262733245326075e+01
4.560160986123438676e+01
2.544267932628841677e+01
1.681102475481279868e+01
5.095865861681190268e+01
4.837311179289284269e+01
1.713958422157582007e+01
-1.982118836974950000e+03
3.517850519578918522e+01
3.201336322918877642e+01
4.322941702907229455e+01
2.204394919575031508e+01
2.357610553110517060e+01
