5.755043182973643923e+01
2.349919319847667509e+01
4.535701855314605524e+01
3.003739495640527579e+01
3.754649900279220986e+01
3.947189721321654332e+01
3.141468338932467574e+01
3.259006811604015041e+01
2.381426424358437188e+01
2.397165878688404561e+01
1.913221805708377588e+01
-9.740898135658711681e+02
3.389199653334082285e+01
4.583930817040631212e+01
2.236289705335854805e+01
3.958549779179215733e+01
3.905688930318238761e+01
-9.081705541378017870e+02
4.814465833257330729e+01
-2.125735842587884690e+03
-8.376410950326253158e+01
-3.881730398757027700e+01
2.713508456591925722e+01
4.313396515060131264e+01
4.058451114159009876e+01
2.080995056559070022e+01
1.655446984519986486e+01
3.191935185845401435e+01
2.792660825825493021e+01
3.642505553070675006e+01
-2.865107047258103421e+02
4.465847835576256841e+01
3.925397359471219261e+01
2.395817311686179352e+01
2.602190586004988049e+01
2.435836715583818801e+01
4.439488455941578593e+01
2.212816358772668224e+01
4.550260127719027992e+01
3.986937666302449657e+01
3.100550647059882436e+01
4.716590229448132021e+01
-1.770457051099458283e+02
3.704668690103704165e+01
2.620035429171121777e+01
2.462283470447601630e+01
3.485504716558855876e+01
1.986575896778692396e+01
1.781948608093506792e+01
6.258014908706243773e+00
-1.961909149368829731e+03
3.556743088539727182e+01
8.056289019493476644e+00
4.529339715932481170e+01
4.271514500155431904e+01
2.402971698279493395e+01
-1.996011053779051053e+03
-9.219410455562324387e+02
2.306808233162132638e+01
3.640488672168106632e+01
-2.489737544890176196e+03
4.749866044878568516e+01
4.362386784395320660e+01
-1.904423761643085527e+03
3.396383492197169574e+01
3.058385340583237522e+01
5.491738498009517144e+01
-1.684326021453671729e+03
5.991419742389390990e+01
-9.044633559339115436e+02
4.247225001834478775e+01
-7.590054539390968102e+02
4.032637691055066398e+01
6.117089502680169488e+01
-1.501339603318541094e+03
1.306610513149831476e+01
5.242685140413671974e+01
2.499276177547071853e+01
1.716431248774713580e+01
4.243172931348952659e+01
4.570886907947848954e+01
1.380449772874648318e+01
3.407750420055435114e+01
3.478004732079367756e+01
-1.734214784192628031e+03
-3.467793616854311836e+02
3.865001672840726599e+01
3.960544686950150606e+01
3.891560733829629015e+01
-1.511386708236250342e+03
4.582403271009039258e+01
3.842818626418684858e+01
3.351888110052319547e+01
4.730861333659817092e+01
2.944485962437476445e+01
1.236317926605499906e+01
4.114958332072608727e+01
3.226029030839990241e+01
2.056757492281904121e+01
-1.563940018496927451e+03
2.754630297766018998e+01
-2.679101826550978330e+03
3.350868607994554083e+01
2.762214912249487142e+01
-5.038942856299732966e+02
4.999647349327740642e+01
3.130829375048196184e+01
-4.169767332407604385e+02
9.214039381005317608e+00
3.426016894614768660e+01
4.827524073920688608e+01
4.672534054101794965e+01
8.947889149855669189e+00
-6.971196071907129976e+01
-6.351572005006470079e+01
2.576082279912425932e+01
2.664898899085522999e+01
-3.218920186590690378e+02
3.060961268694128634e+01
3.641961669316646066e+01
2.493808195869399214e+01
4.428169614951965372e+01
1.974370006421873924e+01
4.024962625854642795e+01
1.899232833321075375e+01
2.935518085276285660e+01
-8.481791728402328090e+02
-3.204091733952753316e+02
2.832240762309512050e+01
4.236732711580917510e+01
2.919448692465787687e+01
3.685301672410398055e+01
1.401296106878285919e+01
4.684799443953259157e+01
-1.615004360888715155e+03
2.646009416914602141e+01
3.131225656831189497e+01
3.032931539426711964e+01
-1.916470044310744015e+03
5.213400616303082558e+01
1.041775767237296968e+01
1.410250346782625996e+01
4.341627236983782012e+01
-1.093401281035926615e+02
4.160197577378409051e+01
-1.000509462061276167e+03
2.714591198835752195e+01
-1.690587160550943224e+01
4.582532284485695584e+01
2.806656592277837348e+01
-9.518951009254097926e+02
-9.766105512061919853e+02
-2.315757804453831454e+02
-4.781846355255453318e+02
2.472298920230621277e+01
4.627380554598741469e+01
2.424984361435311797e+01
1.855440525260374685e+01
3.070116021720286170e+01
-1.739294579467596805e+03
-2.239212535090117854e+03
2.232631266174256623e+01
4.445768452514335678e+01
4.803318599098611230e+01
8.962257120633418950e+00
3.162772268626101990e+01
4.005527979577878739e+01
4.732363394990215255e+01
-1.694928150500724996e+03
4.028444344955360634e+01
4.043968771950476793e+01
5.527527454828842224e+01
-1.346080532634906604e+02
1.715905991350457427e+01
2.607748277538679105e+01
-7.645663205836063980e+02
1.288305574309105594e+01
2.639030310737331675e+01
5.370818176079814776e+01
3.954750781255576442e+01
3.493683756786848704e+01
2.793812804900009183e+01
-5.200150327505065206e+02
4.183533576923748143e+01
2.703223337573891527e+01
-1.302433489173147336e+02
3.152976297944655215e+01
2.281581958089087081e+01
4.038262733245326075e+01
4.560160986123438676e+01
2.544267932628841677e+01
1.681102475481279868e+01
5.095865861681190268e+01
4.837311179289284269e+01
1.713958422157582007e+01
-1.982118836974950000e+03
3.517850519578918522e+01
3.201336322918877642e+01
4.322941702907229455e+01
2.204394919575031508e+01
2.357610553110517060e+01
1.744754488868191800e+01
2.438720757200125533e+01
-1.447956733312715869e+03
3.171945475292454475e+01
2.119824677427645554e+01
1.736770743629867297e+01
2.749834542579234764e+01
-3.925185321691964759e+02
3.885462133215000335e+01
2.870563810415409023e+01
-1.037497517766876399e+03
4.248223221112066739e+01
-1.176589238630159116e+03
3.817358698689388774e+01
2.475861312347401366e+01
-9.447061896743102807e+02
-9.408801176493853973e+02
3.808739032911223887e+01
3.743240049996690288e+01
-1.270371495610650527e+03
3.945020754461913270e+01
-9.909975733615849549e+02
4.943301315039764887e+01
2.411183428641290405e+01
-2.084648390964962346e+03
3.324902939592759310e+01
2.770162136554866450e+01
-5.376281213103188747e+02
2.410779329552222450e+01
-9.894832589496028277e+02
1.142054009150700367e+01
3.721141616754728432e+01
3.838258914663838084e+01
3.171073010588424523e+01
4.311848216779966947e+01
4.456653641249344133e+01
1.340144443604925328e+01
-3.311548327632165751e+02
-1.440912403165352089e+03
3.580161744224772491e+01
2.472113246523501928e+01
3.900855453413656448e+01
2.951405886273743917e+01
1.970404748590682154e+00
3.587306038367962913e+01
-5.946942292250722630e+02
-1.401748996021246512e+03
2.479576757415696875e+01
2.772366189470262654e+01
1.258640952287827375e+01
2.127002982717846180e+01
6.510007312801738522e+01
2.626661312083591326e+01
3.558875586294421822e+01
-2.057527903406914902e+03
2.377866318435820503e+01
-1.765341247874749797e+02
2.431358578011414195e+01
-1.226953514125913898e+03
4.727311921496084324e+01
-3.628103402776160351e+02
5.047443447539711769e+01
4.075829379739977298e+01
4.700782857430198902e+01
-1.154437795005482258e+03
2.345189988386695035e+01
-1.696012659565208651e+03
-4.527901038424047897e+02
2.045759703755867420e+01
5.167451977172568434e+01
3.484240606180243560e+01
3.404076367979381956e+01
2.420434028621226830e+01
-8.889557223136308721e+02
3.084559903392473856e+01
3.653056542875994239e+01
-4.190793856435031728e+01
-1.127511071924342332e+03
4.482180383987162742e+01
4.499571939250886032e+01
2.725907648630562008e+01
-1.007835142580975003e+03
4.631849652214832247e+01
-3.146354272900705837e+03
2.809035673479127482e+01
4.086941949514331185e+01
2.160181310083592621e+01
3.642156476393783748e+01
4.329865304958861572e+01
-9.343116933609004491e+02
3.532460342703819833e+01
-2.162278658586113579e+03
4.321754823154886083e+01
1.788221054692741419e+01
2.992071467245314764e+01
5.063416080954711873e+01
-1.093973487858286035e+03
3.619025830318413739e+01
2.475683951207303224e+01
3.591479552813592591e+01
3.819393273672812938e+01
3.709678731146392039e+01
3.802629335877487904e+01
4.399934276786656540e+01
2.284599527545825026e+01
5.663597252245516955e+01
4.992674240442437394e+01
2.000862303678026066e+01
3.091352223538857302e+01
4.265877543939995320e+01
5.452939482935441617e+01
5.953024179144732386e+01
5.220703375700329474e+01
3.785505740611704795e+01
-1.945197597718504994e+03
3.716572205136414198e+01
-9.715566727578571999e+02
-9.749295827038102971e+02
3.801512962919088778e+01
4.084300200401385439e+01
-1.131350835207700811e+03
2.034000523796717630e+01
2.643028237335582631e+01
-1.292001441719758077e+03
3.631770431660141440e+01
1.717514625657851823e+01
2.309138676744786167e+01
9.005656387749159109e+00
5.412667697845115811e+01
3.872738039661832232e+01
-6.071790089329916782e+02
4.449837664555985839e+01
-2.109348116706398741e+03
3.819657415175874604e+01
2.451696265761076532e+01
-1.350332469854804231e+03
-2.032231690774929803e+03
2.690779408331384559e+01
-2.424920623518888533e+03
3.304317650245798887e+01
-2.376551561656226852e+02
-9.757824223451048056e+02
4.425322657435918217e+01
2.668513261927795810e+01
-1.516619273862497266e+03
-9.256586177839826632e+02
2.757426279020832283e+01
-1.391087426795649208e+03
2.554366879312497218e+01
4.288448663266976979e+01
3.236440559198960898e+00
3.641206827069447627e+01
4.584555148356381693e+01
3.416885192008165717e+01
5.072383007109117159e+01
1.026146418406358762e+01
4.523176370194516238e+01
3.954747793322802352e+01
1.573561592216627147e+01
3.441577251396929427e+01
3.517015645411913738e+01
3.122980622362484837e+01
3.264964007911007116e+01
5.611099256252543199e+01
3.769398247216609832e+01
3.187214546626975675e+01
3.960315720060113875e+01
3.185921041308607116e+01
4.828288022567848259e+01
-8.795614208773048404e+02
2.325678662820857312e+01
2.099956719137709982e+01
2.956525935083266532e+01
2.232546387549554012e+01
4.314561829510072499e+01
5.114080068935074053e+01
5.685992595087679291e+01
2.203995980169434432e+01
4.110858442400540014e+01
4.518709822232897722e+01
3.771469929998930581e+01
3.429109639254004804e+01
1.663245069064160830e+01
4.711516414863568514e+01
2.371596385702962451e+01
3.311791663555820264e+01
-8.932320779553576529e+01
3.246942230250595429e+01
-1.388874006256333587e+03
7.717433612360506956e+00
3.313048063347640948e+01
4.315240183017819930e+01
-1.368556523609038322e+03
1.594995363484032502e+01
2.274802345825639804e+01
-1.782533345447434158e+03
2.421414569071905731e+01
-1.332064437705077580e+03
5.013047753233357184e+01
4.632609705864364003e+01
4.163393368116209103e+01
3.922217075910859307e+01
2.528528346337776611e+01
-9.956294323796519166e+02
-1.085761242894312090e+03
2.437728138918661358e+01
-8.594388343185073609e+02
2.135814026283080125e+01
5.308369333802300361e+01
2.956013105965072185e+01
5.167165881756166357e+01
3.477830189712653919e+01
-1.272987357684319477e+03
4.669241950667919383e+01
3.521429543512012117e+01
4.743006571120507431e+01
-1.217611758953735901e+01
-2.781177391849065117e+01
4.844013339318501465e+01
-7.664917752210292292e+02
3.549348984735058821e+01
2.104739003343367898e+01
-9.560543709195389965e+02
1.630659407801482530e+01
2.607253868387295626e+01
3.999380247303140834e+01
3.942025274803815904e+01
4.161277999165073993e+01
4.993145347241482845e+00
-7.029191641657357081e+01
2.248727281690498359e+01
4.756183871022302156e+01
4.512549224234644640e+01
5.037797997774855219e+01
3.978005967370215501e+01
-1.348830554236611306e+03
2.494732730345250360e+01
1.964626992152901153e+01
3.280466660751616814e+01
-1.676334340626674930e+03
4.179524355245788314e+01
-8.014980900217756243e+02
-1.515802302466974879e+03
-4.806556270853235446e+02
5.095755351202328853e+01
-1.394611417604166945e+03
2.617147537725470130e+01
2.882667120297863761e+01
3.968043080024463620e+01
2.361076015261314964e+01
2.995002443289616423e+01
2.551770975723672663e+01
1.351631569855075909e+01
3.019364987960252833e+01
4.622604608301666929e+01
4.296522613247626055e+01
8.819578284013214642e+00
5.568096949001912321e+01
2.335143655476475999e+01
5.360718033199957233e+01
4.670681646651522811e+01
-1.090207777185121586e+03
3.107212016381712871e+01
4.427544579511076961e+01
3.813654555721379324e+01
2.696926444681754020e+01
-5.098944454719680834e+02
5.011829341270738780e+01
4.755049387287359508e+01
-8.274205900960468796e+01
2.621556754887876295e+01
-9.891220513810341117e+02
0.000000000000000000e+00
3.816124709291685946e+01
4.811796643452225197e+01
4.491328891062116924e+01
5.287148081089907947e+01
6.074131342773479503e+01
1.594675601032522216e+01
3.828750987955469753e+01
4.201392045619058280e+01
5.311673898819294237e+01
3.500732854376958869e+01
-2.225303886108313378e+01
3.032867639573368734e+01
-1.344881454844571778e+01
-1.075945238202018572e+03
3.392199263431690071e+01
4.455137663334028275e+01
2.923091380879333201e+01
4.060979768691045422e+01
3.150934871887371003e+01
2.042271370010458753e+01
4.593936295939874981e+01
1.859490355173735665e+01
-2.962940710677597735e+02
4.259244210237520178e+01
4.758754764885131294e+01
2.385344188989582292e+01
3.705296104930191348e+01
3.649259009137097109e+01
-8.074096143157817096e+00
4.278838856141052105e+01
-9.581605236970395936e+02
2.824193436807899005e+01
4.995015948954620200e+01
3.711210066140616703e+01
3.006920446217970877e+01
-3.567043111740930073e+01
3.312246548844831295e+01
-9.135549874735347657e+02
-1.295499356320861807e+03
2.262382419593839700e+01
5.082232231470749184e+01
-7.709500118885216580e+02
4.052535829262925660e+01
1.351650152401986915e+01
3.869468825355804142e+01
4.667175883040300732e+01
4.280807162740519800e+01
2.060472817086561648e+01
3.965643229745129617e+01
3.776924990611301780e+01
2.983170532978300926e+01
-1.035982208972144235e+03
-9.797967681356512912e+02
1.401902486425869476e+01
3.241599443460215468e+01
-9.716037813616314907e+02
2.612704667187205843e+01
4.722863083641784243e+01
2.579921538549084303e+01
4.563373460230621959e+01
3.505059301967315122e+01
3.638143924932123952e+01
-9.700329467522283267e+02
3.910811631143543821e+01
4.241656423135128762e+01
5.424733383205128234e+01
2.427094612615992730e+01
5.039077008561044835e+01
3.547338199600733333e+01
3.953476250583428708e+01
3.218722082323949962e+01
-5.845752068677951456e+02
1.811825167455878116e+01
3.272217142185916572e+01
4.423442798397120868e+01
3.126300645959307900e+01
4.557241192059412782e+01
-1.448946004424082048e+03
1.309416646691052932e+01
3.434241404585218049e+01
3.751763175795286287e+01
-9.460476851412331598e+02
4.890953739374684694e+00
3.182495174998419785e+01
4.124966955054766515e+01
-9.658644836931874806e+02
3.552906889848009087e+01
4.473949033455002677e+01
5.215387869121351372e+01
-9.318696933521948722e+02
4.294227485956786694e+01
2.324599119454506990e+01
-1.472983047806953437e+03
3.689175218285446789e+01
-1.857514410530655141e+03
-1.951114739578326407e+03
-1.958642989989476035e+01
-1.614086757926456130e+03
-8.237036314485687853e+02
-2.323212174854419914e+02
1.201075867528823160e+01
-6.899650980870136152e+01
2.172050024765882625e+01
3.998537659408959399e+01
-6.934425649899831967e+01
3.880735826141773970e+01
3.188501170469991308e+01
2.651837258358400717e+01
2.401697002118414659e+01
3.676029398863301623e+01
-6.413383878494354349e+02
3.809259930949407646e+01
4.812198997785201726e+01
1.815088696006318614e+01
2.390061900051886923e+01
3.900172786689407189e+01
-5.063790039780128893e+01
-1.846842103194687752e+02
1.929535825326436083e+01
-1.309170758534440438e+03
-3.339060345997105742e+03
3.240626993725761906e+01
4.907851107936610191e+01
6.018146477293666408e+01
2.149976479319837352e+01
3.540456858654904693e+01
4.296764288762184236e+01
